 112917.31     91608.812 
 112917.31     91608.781 
 112917.321    91608.766 
 112917.322    91608.766 
 112917.324    91608.756 
 112917.327    91608.736 
 112917.334    91608.719 
 112917.335    91608.709 
 112917.335    91608.709 
 112917.339    91608.689 
 112917.343    91608.67 
 112917.338    91608.67 
 112917.343    91608.661 
 112917.339    91608.661 
 112917.34     91608.64 
 112917.34     91608.623 
 112917.343    91608.613 
 112917.343    91608.613 
 112917.343    91608.593 
 112917.347    91608.576 
 112917.34     91608.565 
 112917.346    91608.546 
 112917.344    91608.528 
 112917.34     91608.517 
 112917.342    91608.517 
 112917.34     91608.496 
 112917.335    91608.478 
 112917.336    91608.478 
 112917.335    91608.468 
 112917.332    91608.447 
 112917.33     91608.447 
 112917.353    91608.432 
 112917.327    91608.429 
 112917.321    91608.419 
 112917.314    91608.397 
 112917.315    91608.38 
 112917.316    91608.38 
 112917.312    91608.37 
 112917.305    91608.348 
 112917.304    91608.348 
 112917.301    91608.33 
 112916.557    91609.443 
 112916.551    91609.443 
 112916.642    91609.432 
 112916.648    91609.433 
 112916.675    91609.424 
 112916.749    91609.409 
 112916.79     91609.395 
 112916.812    91609.386 
 112916.844    91609.367 
 112916.844    91609.367 
 112916.872    91609.352 
 112916.899    91609.343 
 112916.922    91609.324 
 112916.923    91609.325 
 112916.945    91609.308 
 112916.958    91609.299 
 112916.978    91609.281 
 112916.994    91609.265 
 112916.995    91609.265 
 112917.002    91609.255 
 112917.029    91609.237 
 112917.048    91609.221 
 112917.047    91609.221 
 112917.06     91609.212 
 112917.079    91609.192 
 112917.081    91609.192 
 112917.093    91609.175 
 112917.096    91609.176 
 112917.103    91609.167 
 112917.102    91609.166 
 112917.116    91609.147 
 112917.13     91609.131 
 112917.128    91609.121 
 112917.125    91609.12 
 112917.148    91609.102 
 112917.167    91609.087 
 112917.163    91609.087 
 112917.174    91609.077 
 112917.187    91609.058 
 112917.188    91609.059 
 112917.199    91609.041 
 112917.207    91609.031 
 112917.218    91609.012 
 112917.223    91608.995 
 112917.228    91608.995 
 112917.229    91608.985 
 112917.231    91608.965 
 112917.254    91608.95 
 112917.257    91608.941 
 112917.258    91608.941 
 112917.269    91608.922 
 112917.278    91608.905 
 112917.278    91608.905 
 112917.281    91608.895 
 112917.283    91608.895 
 112917.293    91608.876 
 112917.298    91608.859 
 112917.3      91608.848 
 112917.307    91608.829 
 112917.308    91608.801 
 112917.293    91608.318 
 112917.288    91608.297 
 112917.276    91608.278 
 112917.27     91608.266 
 112917.259    91608.245 
 112917.233    91608.225 
 112917.226    91608.213 
 112917.227    91608.193 
 112917.23     91608.193 
 112917.22     91608.175 
 112917.212    91608.163 
 112917.196    91608.141 
 112917.196    91608.141 
 112917.178    91608.119 
 112917.17     91608.108 
 112917.171    91608.109 
 112917.149    91608.084 
 112917.117    91608.063 
 112917.114    91608.062 
 112917.121    91608.053 
 112917.101    91608.03 
 112917.101    91608.03 
 112917.085    91608.01 
 112917.063    91607.997 
 112917.031    91607.972 
 112916.989    91607.948 
 112916.975    91607.935 
 112916.976    91607.935 
 112916.943    91607.909 
 112916.897    91607.884 
 112916.853    91607.868 
 112916.865    91607.87 
 112916.763    91607.834